ERDOS488_EXACT_SEARCH_V2
21600.003879169002 42656.073504
326546320716529665 17593055 17783947 10344499895386 4622573241744034581 5488154087061 33 0 2147483647 2358887 15425060 0 4194304 262164 0 0 0 34850 871069442 17171294 71386
0
14 8 12 18 20 27 28 30 42 45 50 63 65 99 117
0 0 0 0 0
36 42 125 136 1.0808823529411764
15079092191748818504 319235611003530201 303992035055547056 17879772209811416013 3412182913788058829 8824834909682511784 5241142155079047413 3587879850530247661 5879014304194229792 1968061991604988070 5371567902606461553 6470418057021793630 340376011520250112 1182109345226608704 2951266735003099479 6030188252464899798 13584605851486312072 7785274302799057855 3994877442733790690 2749831545621265759 10890197188553981643 8142579747362979423 10503328535893299949 9060714819553401996 1066911918794860533 9239517082246088750 9320768393372185015 7114278158205216055 3348530765153988516 2376566876942424107 13849027053589092931 1340486250185851806 16746642146216346110 6701780754264733561 2081095363681411138 6903994107694949056 2102445108995222673 16989995048034373103 5643311590143733235 9004200875562381152 67477861678844857 11675934446538530804 5983970182600136808 12834987623461484816 9839629192249462327 16243745354306841083 12122973508708427436 6903076177842028058 12236038207588646548 5813168957985406408 13031600577598982938 16521779449312908320 8462077986740282290 11379969756244494673 12479592579064042207 7963084929555233611 11347785008624090088 3703288453236886038 12700890878387692310 13115200995385740356 18292637047501260621 14290588053115310904 82439898910955391 12727404628477126352 11678995699577793939 1416351592495425666 2619296241268274123 12109041996137242126 16501984130762865962 1567859612170633548 12342185543331208366 6182319425212142120 17264797382510028452 17762294562690181538 12740023125089599847 12291450189495166519 4212688816919893643 15548630638858430683 14186044325172368737 649472224913780914 81749562149634304 7627458918867304779 10098216934868443850 13556385002060954171 17245714757461551680 3371950604043207815 9309862082521434545 2860179290855181999 453109124365988891 12694025766506498026 11946183982235081491 16835640765694171114 11092815568146236374 4144829545152831471 6633184029160869634 7584061299761378734 9160224244655807326 6113955328605420375 2407704592931764522 7298837706047624354 7403953393447427170 10006525822556497441 8383590529708940468 8995108042461135548 8852785427336061261 9983105643229601513 15492314919944355969 18075874740486749792 18323825835860672375 8662586629519194922 6275826586467183458 8331231991789178927 1928889656908675523 10752742907964687298 14265214194685998342 4607495602717333505 4998352422368358356 3469731638765894217 14411464076348189815 16209013792906000875 8993009853747956982 11025967499138546456 15260266631184695396 7570724806261425161 10589383339411397885 6888543769548251492 7983174663234769532 11457809095438825154 7323500627782324803 904806619134921185 18261451170269556356 3726872827211189356 11239847475387976208 4853001547969694716 12263968494070560059 1529338989674110659 17105884287636006715 1582670575465912636 4521249655969917933 15418028402258419676 15431465398025049319 16793124073717677749 3339186149210884925 13851354686087486095 17353526145738239309 14060295796109468779 11947556542079530749 17761184425996868526 931213795778079835 18050010302711763018 12747654332875060307 8712630058434600255 7078109811495866356 3094212244599146870 16612398231470120082 18221197128116757584 6634444816717254091 13743072927712068704 11581680269309176868 9723132858215371485 7788090684965575103 5374645710492171885 8974345447283569365 5110287522175492946 4827551976936560995 14184990034410896845 7479749170848850198 3879872465552925871 2181301447556064228 376366176548471177 10652283851668488848 1108959717254554026 17437330545213386056 8703073215996733117 1680967354600624131 11713048601994712880 9309675296813136854 8686689824910545817 18350884843867901437 1845145944621527938 7024924104040143638 8929339935415098005 13605648397804467319 9952512052042093492 8832673763649067887 2380157794088488043 4139839393988437417 9301965580361964402 14845177496123655802 3140609540527154993 7095584030576040682 5941001340104718444 18209220149128704502 2637697424996660957 6428155597303858838 11306414465190987999 3806483858378130495 523833206884186687 15724303711287594981 14760076109215859715 14662804813179927476 79667423178984242 14350827224408203926 6368537382241279846 15969890797808360698 8333732401714715075 6182446146583011162 10521616460229330274 17217836440019564551 9651588995868711413 3680156450494347010 6644912009831941127 16102443139344060964 16576403899900034754 17849290207292010216 10787871147710545216 9606309840388939601 18346663332549120696 18091405458001586351 15103093109320122808 6018670508652736764 4155525198440308094 11037307582847234930 9004395371067762882 11596312850251813511 7437776695348639578 16067775675089020434 417114636515500201 9980832056519002610 15242096709809087979 2733804684927326901 6645625487768288440 14484754756334928072 16515252156243505446 16468829489963494966 18139266701828674015 13194289404668569765 6772001046517247092 16795471436450702154 4285193091076601773 8164336250301760626 16578383825582133418 11551378127541928853 8878830013505623704 8947344282012034459 1006620703670842805 8302202337508068731 5278227830889016693 16941128051699291961 2914521416949353620 12114292135919290691 14166748271656277104 967502653674143549 9115814759888761651 3645331257684162148 14251394673143726116 2479291576544759729 14926892142742625303 8178105397452371876 10977545780784376119 4794395835186362516 16306369444170844635 7397444666839503390 14625658509597321008 17985908203477292678 7759308691834047815 6583772137972804047 5326199397395262140 8714246200496357717 6823511255361862198 493058122940099267 5246229107371423753 1050717221954920121 2052321574380635424 4264603137719740711 213740809815224425 15587307492971178717 14021825685293545481 7953264168165936503 10689627374645035731 9896210151700511068 9672942326335355952 15497907107623441348 12982466920699701744 4381857379492786881 3877958809300058286 13544833515639851843 377632376096653201 14357759310106457739 3813151605556468039 17287871005216329354 4667354509267987105 3513421362213766016 6362789282024644919 8317006385888912652 7878468973032907649 6072419668437275395 1048098891388347722 17798086319578392583 13398952420191413642 12902539128650033062 10378773990256936951 17726084321543374121 13783242236862691605 16177207276191331716 4257793553679331491 14134241552928225292 16729535135303454377 16358042446616327079 8638552336767314796 1148479043036462230 16570583882806814580 41
326546320716529666 22181066 20563163 5205323421180 1783459422513900711 7282510344194 2 0 0 0 2758636 19408433 4194304 4194298 288 104320 48522 22305 222990057 20097959 13817
42 20 30 50 70 110 170 190 230 310 370 410 430 470 590 670 710 730 790 830 890 970 1010 1056 1070 1090 1109 1130 1236 1270 1370 1510 1630 5533 5769 7603 11727 12009 12462 12735 12839 15626 16276
13 8 10 12 14 15 18 21 22 25 27 35 49 52
1441 8982 16289 100360 1.0117413536113848
85 363 223 891 1.0736383442265796
10144614112465108351 4481685334009519571 15626321991904329801 792170883154455560 2593945150148473316 14648328634288306326 5690057131087636567 8394611947276552663 11921769935088418459 13198008250860210201 6595884966711047274 7426802130172666526 7527883850684140283 18247761665681892787 1448320031623237396 7253331156501325428 5855249915814890653 8225683303378465381 2833778163782056909 3909624867044318455 11040782412647819714 16408754917738073296 6645653028447226105 17985338810922947724 14753264447427681201 845484224979371070 5411134077971114177 8928352183722409397 4101023750521635408 448132770386303315 8782788094031135421 3725362937346745008 7715553451854830954 7235200704967972369 12475581922896400779 9554850158412489820 1468200278183987313 9177636047325561635 15621596174919032351 15627398714199140892 10014159765668690647 9345074264804182829 1225348020118713268 14543159032912724094 4508164546367164836 17319740319023845763 8859923268420414637 6478065055880898763 13638380567067799241 13976295037496628909 17347299996542729797 8899691449905626149 3599866866406699071 13293839923258579463 4426509020739787465 16875268790854933186 1409254188023792353 1418870315372720409 6094102440635239176 7426857849424488968 1881996954897628751 3664964596819196071 9775418358212170500 3362153411190845432 5866015526750109102 824145018130711443 17475347503768944272 6544951617030280600 678109500203401282 3907960404525763742 9485421759324531596 1109036306208695019 6976282755966283256 449506617133269632 6281514184377418181 14411810365595829340 12260948898894284412 315471156941551276 7590198092754679605 467909299457951054 5687319459772502764 11022670465281243196 11891031983870363294 7527579991475040719 2107966898492337392 17537471567908548819 1168798615805324463 18258586943047879265 1710383930761983987 4665876361331121540 3305462923569781459 9794190076710968859 5312146867238050422 12371164722243717753 11935760589939137432 8381033827114512339 12061913980683741968 16499857656023436052 16445046485743835108 7906886898160180712 9025808295729334505 7142593726045175634 305955361562837965 454486591011114292 10976758672716899195 12925395889304633821 17725777643265739990 4732005659409565313 17636073908495927975 16975594166497053252 3629115880661699643 2584759591248434355 12751462382032158450 13097167847023525931 963862280122578411 13079012209947430623 17391846205491587277 6122093915418385016 407101719681385268 10907473842969914310 9392444466424855617 8789315633199877717 14839538816688201147 14893751759500950503 11018573340939856058 14994278306482713005 11704909510752466082 12140336754565753186 7312170770470502929 6836381229988201304 6301861374111580262 17460900154973899690 2998847145369365497 17156008588495015781 7364844586955024067 12405465453127622732 864747196373819078 16455771416584987291 10329825640606497372 4870990432890005341 12280641398476971351 5661641251301020781 16070884627274340431 13371882479366551055 798804498898042411 17945413936121098141 741300961801502516 2053307977724661963 11745176293527741189 7238202653384345250 10328155145158399651 4544197514724198596 7293394379576331819 4391674817162023131 1775189931571198061 8155864332530894326 5068097821984727665 9770968555498479927 13996110697236633247 6553459425230783758 816124027707111297 7725110106820945892 2239657137903269784 4476096735443888886 2087696985473973055 3459987748451092457 5333310138192773867 1024821938225463529 6738190286112479775 9782047349481212736 1180598603918967576 15036632414574087953 17091519420647204977 14548226456157534098 17648988970244390093 1786618488183455027 14458292914722625717 9794355961105814072 4476474580735098031 1183823450116060160 17865750739021253717 4539467905678628734 16856781101824944998 10106999796831894806 4403133941842370599 12724675534360957090 15138581827690057602 10997805028533707220 515795989922281155 1985854329171278984 8796637678665281997 11093057534319348046 618116919790230762 3982483030067442432 3217810194690259327 10284124452629013639 11651546400013453221 5244785234210627791 17990876558816415376 15134339696967192331 17982220448206101298 3856437923204717978 10433043534524016771 1979837300535785620 7534453146291235202 4561702178751534082 3987948086723417789 6585800229382187931 11416073971473278028 16495483678227597522 4984253145079518710 16803883276090012193 3521140774620426836 13049716108711264632 9610337756799017882 13828295748651028834 17712428144181614512 12087891615738296670 8030724561676537195 16829519374081073601 12939330801299300091 16990773556785389866 11223078757720727963 16631612127286255675 17109526322920531460 13552373685826715251 4774221156504964366 14313396264724572588 2946097382459312594 761351805677179848 9458626452449971919 18011314367181847660 18357075636408662904 8524418755196729212 17822144741815836290 17320713349687964496 14854365990745942108 12752717173503950584 5735236759410328995 1817158041553061261 17095923260292399206 4172626071885986999 9902411165137498133 5946589953674872057 8494156522284208855 10387334531165299800 8814180504173808011 7599696983422330017 9431743139299570673 6113462434995355519 6918524117939743815 6889376616695101413 1554630594640647235 3601860798804063550 2582171047082280882 9260924077270358263 14245300501732172203 7626192776976147271 6677578108963133176 16442632902908679249 10204536280350942009 17086750360632950329 6839111152796809100 12984876473718763846 6456030503832975767 10215036748956824305 8526759162510524741 18163417338471829377 14332006512182251109 7835526432043730757 6939283426565621269 360711504199773920 5957798742072828265 2371638197503354021 3015858545754250749 15950598384368232045 15783057664335982398 17377256974411142668 12529846740608266351 11239134166723488571 8199616080158394869 12355697692566572435 15581269232622865965 3617667890418135910 11696893622176326922 9241286484093879907 13726233231308110561 4985895669947421713 9970265317038674279 15618447286077682548 11200670409267842287 16611440669645774453 17195092216776040397 1222245722005227596 16830901196868105195 3664625946834596934 5821783395703111841 2799600551319062748 12202549413260114607 16876282737052844113 15850711085062433048 11823137290441136122 6190467414214835598 13844753925134408257 13114815437566297404 368855031049263476 1213414047805029084 5830957696549688469 2603138271020951522 6490727568352301617 15696950025682227975 13446207759210807968 160
